FEDUID Riding Liberal Conservative NDP Green Bloc-Quebecois Independent
10001 Avalon 18608 12738 5151 0 0 0
10002 Bonavista--Burin--Trinity 13972 12278 2484 0 0 0
10003 Coast-of-Bays--Central--Notre-Dame 14646 14927 2261 0 0 0
10004 Labrador 4119 2930 2297 0 0 0
10005 Long-Range-Mountains 16178 14344 4347 0 0 0
10006 St-Johns-East 17239 7119 13090 0 0 0
10007 St-Johns-South-MountPearl 19478 6447 8113 0 0 0
11001 Cardigan 11175 6817 2168 1064 0 0
11002 Charlottetown 8919 5932 2048 1832 0 0
11003 Egmont 9040 6088 1688 1771 0 0
11004 Malpeque 9912 7836 1898 3381 0 0
12001 Cape-Breton-Canso 18288 13805 5618 0 0 0
12002 Central-Nova 18682 13060 6225 494 0 365
12003 Cumberland-Colchester 13822 18601 4984 1045 0 278
12004 Dartmouth-Cole-Harbour 24209 0 15267 1371 0 0
12005 Halifax 21905 6601 20347 1128 0 0
12006 Halifax-West 24744 11243 12331 1181 0 0
12007 Kings-Hants 20192 13234 8645 940 0 0
12008 Sackville-Preston-Chezzetcook 18838 12047 12012 933 0 0
12009 South-Shore-St-Margarets 18575 20454 9541 1434 0 0
12010 Sydney-Victoria 14250 13166 7217 376 0 0
12011 West-Nova 13732 22104 5645 0 0 0
13001 Acadie-Bathurst 27817 5916 4906 1203 0 0
13002 Beauséjour 27313 9526 5394 2798 0 0
13003 Fredericton 16316 15814 5564 5666 0 310
13004 Fundy-Royal 11075 21460 6211 2189 0 0
13005 Madawaska-Restigouche 16854 7892 1848 786 0 0
13006 Miramichi-Grand-Lake 12762 14218 2291 1393 0 0
13007 Moncton-Riverview-Dieppe 22460 10692 7774 1935 0 0
13008 New-Brunswick-Southwest 8750 18309 4893 1587 0 0
13009 Saint-John-Rothesay 17375 12315 4816 948 0 0
13010 Tobique-Mactaquac 8223 17536 3656 1657 0 398
24001 Abitibi-Baie-James-Nunavik-Eeyou 7384 4508 3323 442 10784 0
24002 Abitibi-Témiscamingue 11013 5339 2794 748 23120 0
24003 Ahuntsic-Cartierville 26402 4247 5844 1491 11112 0
24004 Alfred-Pellan 24516 6988 3946 940 13399 0
24005 Argenteuil-La-Petite-Nation 19371 6547 3390 0 17842 0
24006 Avignon-La-Mitis-Matane-Matapédia 7095 2912 1501 0 19776 0
24007 Beauce 7018 27514 1654 486 8644 0
24008 Beauport-Limoilou 12378 14164 5075 1025 15146 0
24009 Bécancour-Nicolet-Saurel 8451 8404 2550 770 27403 0
24010 Bellechasse-Les-Etchemins-Lévis 10074 32238 3184 918 14669 306
24011 Beloeil-Chambly 15502 5661 5524 1294 34678 163
24012 Berthier-Maskinongé 8403 6007 18402 548 19339 0
24013 Thérèse-De-Blainville 18396 5773 3827 1018 21526 0
24014 Pierre-Boucher-Les-Patriotes-Verchères 14282 4870 4261 0 29978 0
24015 Bourassa 22303 2587 2956 679 6907 151
24016 Brome-Missisquoi 21488 9961 3828 1466 21291 145
24017 Brossard-Saint-Lambert 28326 6276 5442 0 10441 0
24018 Rimouski-Neigette-Témiscouata-Les-Basques 10482 5569 2641 0 20657 1467
24019 Charlesbourg-Haute-Saint-Charles 11326 25623 3446 972 14237 0
24020 Beauport-Côte-de-Beaupré-Île-dOrléans-Charlevoix 10365 15969 2242 733 19270 227
24021 Châteauguay-Lacolle 18029 5538 3752 801 18017 0
24022 Chicoutimi-Le-Fjord 7676 17228 1944 482 14027 0
24023 Compton-Stanstead 21188 10087 4288 1623 17681 186
24024 Dorval-Lachine-LaSalle 25233 5754 6241 1351 7542 0
24025 Drummond 9614 9179 5709 0 23866 419
24026 Gaspésie-Les-Îles-de-la-Madeleine 17099 3010 1358 0 14481 0
24027 Gatineau 26267 5752 4508 783 12278 0
24028 Hochelaga 18197 2221 9723 965 15089 0
24029 Honoré-Mercier 29033 5086 3537 734 7908 0
24030 Hull-Aylmer 26892 5507 6483 1459 8323 143
24031 Joliette 12731 5314 3100 1126 30913 0
24032 Jonquière 9546 13223 2559 738 19036 0
24033 La-Pointe-de-lÎle 16508 3427 4954 0 23835 0
24034 La-Prairie 20470 5878 4317 983 25862 0
24035 Lac-Saint-Jean 9371 12899 1637 824 25466 0
24036 Lac-Saint-Louis 32477 10911 7679 1868 3078 0
24037 LaSalle-Émard-Verdun 20330 3530 9168 1439 10461 0
24038 Laurentides-Labelle 15966 6770 3907 1570 32133 180
24039 Laurier-Sainte-Marie 16961 1500 14680 992 9114 74
24040 Laval-Les-Îles 24758 8963 3889 760 9656 0
24041 Longueuil-Charles-LeMoyne 19400 3986 4957 1170 16926 0
24042 Lévis-Lotbinière 9286 32731 4497 856 13740 0
24043 Longueuil-Saint-Hubert 21930 3964 4553 1599 23579 0
24044 Louis-Hébert 22933 14332 4337 1573 16247 378
24045 Louis-Saint-Laurent 11228 33098 3370 907 13069 0
24046 Manicouagan 6545 7640 1509 0 18419 0
24047 Mégantic-LÉrable 6329 26121 1308 592 9318 403
24048 Mirabel 14842 8510 5221 1412 29376 0
24049 Montarville 19974 5460 4809 0 26011 0
24050 Montcalm 10196 6011 3218 1317 27378 0
24051 Montmagny-LIslet-Kamouraska-Rivière-du-Loup 8361 24118 1597 0 12550 0
24052 Mount-Royal 23284 9889 3381 1083 1585 0
24053 Notre-Dame-de-Grâce-Westmount 24510 6412 8753 1835 2407 0
24054 Outremont 16714 2882 9579 1198 5535 93
24055 Papineau 22848 2198 10303 1448 6830 199
24056 Pierrefonds-Dollard 29296 10893 6034 0 4141 0
24057 Pontiac 26899 12804 6824 1711 10424 0
24058 Portneuf-Jacques-Cartier 10068 33657 3223 0 15525 0
24059 Québec 18132 9239 6652 1182 14824 0
24060 Repentigny 16500 5328 4484 0 30848 0
24061 Richmond-Arthabaska 8543 28513 2550 0 14150 0
24062 Rivière-des-Mille-Îles 18835 5479 3852 972 21645 0
24063 Rivière-du-Nord 12767 6803 3958 0 29943 0
24064 Rosemont-La-Petite-Patrie 12738 2199 26708 1308 11751 0
24065 Marc-Aurèle-Fortin 22992 6120 4461 0 16055 0
24066 Saint-Hyacinthe-Bagot 12030 7166 6170 0 25165 0
24067 Saint-Jean 16650 7544 4308 1262 27243 0
24068 Saint-Laurent 22056 6902 4059 0 2972 0
24069 Saint-Léonard-Saint-Michel 29010 4381 3460 0 3395 0
24070 Saint-Maurice-Champlain 23913 10139 2849 731 16940 241
24071 Salaberry-Suroît 16550 7476 4529 0 29093 0
24072 Shefford 19968 7234 3173 1059 24997 0
24073 Sherbrooke 21830 7490 8107 1670 16848 0
24074 Vaudreuil-Soulanges 30001 10556 6780 1631 14308 0
24075 Terrebonne 17475 6183 3913 847 24270 3864
24076 Trois-Rivières 16637 17053 4680 754 17136 0
24077 Ville-Marie-Le-Sud-Ouest-Île-des-Soeurs 24978 6138 9241 1343 6176 0
24078 Vimy 25316 6829 4731 0 11811 0
35001 Ajax 28279 13237 6988 1254 0 0
35002 Algoma-Manitoulin-Kapuskasing 8888 10885 15895 726 0 0
35003 Aurora-Oak-Ridges-Richmond-Hill 20764 19304 3594 0 0 0
35004 Barrie-Innisfil 15292 25234 8349 0 0 0
35005 Barrie-Springwater-Oro-Medonte 16145 23555 8910 0 0 0
35006 Bay-of-Quinte 22542 25479 9284 1350 0 0
35007 Beaches-East-York 28919 7336 11513 1388 0 166
35008 Brampton-Centre 16189 11026 5932 0 0 824
35009 Brampton-East 22120 11647 6511 0 0 0
35010 Brampton-North 23412 13289 6448 0 0 0
35011 Brampton-South 21120 12596 5894 0 0 0
35012 Brampton-West 25780 13186 6097 0 0 328
35013 Brantford-Brant 18795 26675 12964 1759 0 196
35014 Bruce-Grey-Owen-Sound 14738 28727 7939 1789 0 524
35015 Burlington 31602 25742 7507 1368 0 0
35016 Cambridge 20866 18876 9319 1860 0 0
35017 Chatham-Kent-Leamington 15683 22435 8007 837 0 0
35018 Davenport 19930 4774 19854 1087 0 163
35019 Don-Valley-East 22356 8766 4618 0 0 0
35020 Don-Valley-North 22067 12098 4304 765 0 0
35021 Don-Valley-West 24798 16695 3814 761 0 0
35022 Dufferin-Caledon 19867 31490 6866 2754 0 207
35023 Durham 20267 31423 11865 0 0 300
35024 Eglinton-Lawrence 24051 18082 4543 1490 0 0
35025 Elgin-Middlesex-London 12326 31472 10086 1417 0 0
35026 Essex 10813 28741 22278 865 0 172
35027 Etobicoke-Centre 27635 20108 5804 0 0 0
35028 Etobicoke-Lakeshore 30355 20457 8775 1363 0 0
35029 Etobicoke-North 21201 8866 3708 0 0 316
35030 Flamborough-Glanbrook 21350 24370 9409 1254 0 0
35031 Glengarry-Prescott-Russell 30362 21979 7022 1350 0 314
35032 Guelph 29382 16795 14713 5250 0 0
35033 Haldimand-Norfolk 17224 29664 8320 0 0 0
35034 Haliburton-Kawartha-Lakes-Brock 15645 35418 9730 1696 0 0
35035 Hamilton-Centre 10941 6209 20105 1105 0 99
35036 Hamilton-East-Stoney-Creek 18358 13934 12748 1020 0 0
35037 Hamilton-Mountain 16548 11828 15706 974 0 0
35038 Hamilton-West-Ancaster-Dundas 27845 18162 12432 1661 0 0
35039 Hastings-Lennox-and-Addington 19056 24651 6020 971 0 838
35040 Huron-Bruce 16015 31170 9056 0 0 519
35041 Kanata-Carleton 26394 24373 8822 1709 0 0
35042 Kenora 5190 11103 7801 364 0 0
35043 King-Vaughan 21458 22534 3234 620 0 0
35044 Kingston-and-the-Islands 27724 16019 19775 1673 0 0
35045 Kitchener-Centre 8297 12537 8938 17872 0 0
35046 Kitchener-Conestoga 20025 19448 5948 1842 0 0
35047 Kitchener-South-Hespeler 18596 17649 8079 1710 0 119
35048 Lambton-Kent-Middlesex 12552 29431 11107 1035 0 0
35049 Lanark-Frontenac-Kingston 16617 30761 9828 1664 0 0
35050 Leeds-Grenville-Thousand-Islands-and-Rideau-Lakes 14935 29950 8863 2134 0 0
35051 London-Fanshawe 11882 12486 22336 0 0 0
35052 London-North-Centre 22921 15889 15611 1297 0 0
35053 London-West 25308 22273 16858 0 0 0
35054 Markham-Stouffville 29773 20740 4961 1049 0 0
35055 Markham-Thornhill 23709 10136 3222 813 0 0
35056 Markham-Unionville 21958 18959 3001 1306 0 0
35057 Milton 28503 18313 4925 1280 0 0
35058 Mississauga-Centre 25719 13390 5331 863 0 0
35059 Mississauga-East-Cooksville 22806 14722 4678 0 0 329
35060 Mississauga-Erin-Mills 25866 17088 5178 829 0 0
35061 Mississauga-Lakeshore 25284 21761 5488 1265 0 0
35062 Mississauga-Malton 21766 12625 5771 811 0 0
35063 Mississauga-Streetsville 23698 17131 6186 1048 0 0
35064 Nepean 29620 22184 10786 1318 0 0
35065 Newmarket-Aurora 24208 21173 6338 1015 0 260
35066 Niagara-Centre 20576 18324 14086 1123 0 0
35067 Niagara-Falls 23650 26810 12871 1370 0 0
35068 Niagara-West 16815 25206 7064 1602 0 0
35069 Nickel-Belt 17353 13425 13137 848 0 0
35070 Nipissing-Timiskaming 18405 15104 10493 0 0 0
35071 Northumberland-Peterborough-South 23336 31015 9809 1764 0 0
35072 Oakville 28137 24430 5373 1090 0 0
35073 Oakville-North-Burlington 30910 25091 6574 1019 0 0
35074 Oshawa 13044 22409 16079 864 0 0
35075 Ottawa-Centre 33825 11650 24552 2115 0 132
35076 Orléans 39101 21700 10983 1233 0 0
35077 Ottawa-South 29038 15497 11514 1401 0 0
35078 Ottawa-Vanier 28462 11611 13703 1816 0 157
35079 Ottawa-West-Nepean 25889 16473 11163 1642 0 0
35080 Oxford 12720 29146 11325 1683 0 0
35081 Parkdale-High-Park 22307 6815 20602 957 0 0
35082 Parry-Sound-Muskoka 12014 26600 9339 3099 0 169
35083 Perth-Wellington 13684 26984 9552 0 0 0
35084 Peterborough-Kawartha 24664 27402 13302 1553 0 218
35085 Pickering-Uxbridge 27271 20976 7592 0 0 0
35086 Renfrew-Nipissing-Pembroke 11335 28967 12263 1111 0 373
35087 Richmond-Hill 21784 17715 3995 0 0 805
35088 Carleton 24298 35356 8164 1327 0 0
35089 St-Catharines 22069 19018 12294 1091 0 0
35090 Toronto-St-Pauls 26429 13587 9036 3214 0 0
35091 Sarnia-Lambton 10975 26292 11990 848 0 0
35092 Sault-Ste-Marie 15231 14984 8041 0 0 0
35093 Scarborough-Agincourt 20712 10630 3679 631 0 0
35094 Scarborough-Centre 23128 9819 5479 0 0 0
35095 Scarborough-Guildwood 22944 7998 5091 0 0 155
35096 Scarborough-North 21178 5999 3514 0 0 0
35097 Scarborough-Rouge-Park 28702 9628 6068 0 0 0
35098 Scarborough-Southwest 24823 8981 6924 1068 0 117
35099 Simcoe-Grey 21320 36249 10140 2969 0 0
35100 Simcoe-North 19332 27383 9958 1903 0 0
35101 Spadina-Fort-York 18991 9875 16834 1645 0 0
35102 Stormont-Dundas-South-Glengarry 12443 29255 5804 1230 0 0
35103 Sudbury 15871 12747 13569 940 0 111
35104 Thornhill 18168 25687 3041 844 0 0
35105 Thunder-Bay-Rainy-River 13655 11671 11342 571 0 0
35106 Thunder-Bay-Superior-North 16893 10035 11244 735 0 0
35107 Timmins-James-Bay 8508 9393 12132 0 0 0
35108 Toronto-Centre 23071 5571 11909 3921 0 0
35109 Toronto-Danforth 25214 6547 17555 1023 0 123
35110 University-Rosedale 22451 9473 11921 1974 0 0
35111 Vaughan-Woodbridge 21699 19019 3265 453 0 159
35112 Waterloo 26926 16528 11360 2038 0 0
35113 Wellington-Halton-Hills 18384 35257 7050 2606 0 0
35114 Whitby 27375 22271 8766 972 0 0
35115 Willowdale 21043 13916 4231 812 0 0
35116 Windsor-Tecumseh 18134 14605 17465 682 0 0
35117 Windsor-West 13524 9415 21541 0 0 0
35118 York-Centre 17430 13949 3753 0 0 0
35119 York-Simcoe 14469 24900 6800 0 0 0
35120 York-South-Weston 21644 7783 6517 872 0 0
35121 Humber-River-Black-Creek 19533 5599 5279 388 0 0
46001 Brandon-Souris 4608 22733 7838 0 0 0
46002 Charleswood-St-James-Assiniboia-Headingley 17651 18111 6974 947 0 0
46003 Churchill-Keewatinook-Aski 4514 4330 7632 552 0 0
46004 Dauphin-Swan-River-Neepawa 4892 22718 5678 835 0 0
46005 Elmwood-Transcona 6169 11768 20791 676 0 0
46006 Kildonan-St-Paul 12934 18375 10313 0 0 0
46007 Portage-Lisgar 4967 23819 6068 0 0 0
46008 Provencher 8471 24294 6270 1273 0 0
46009 Saint-Boniface-Saint-Vital 19908 12749 9767 676 0 294
46010 Selkirk-Interlake-Eastman 6567 28308 9604 1328 0 0
46011 Winnipeg-Centre 8446 3818 14962 708 0 0
46012 Winnipeg-North 16442 4126 8998 418 0 0
46013 Winnipeg-South 22423 15967 6632 681 0 0
46014 Winnipeg-South-Centre 22214 13566 10064 1341 0 0
47001 Battlefords-Lloydminster 1748 21336 3718 237 0 0
47002 Cypress-Hills-Grasslands 1492 24518 3604 284 0 193
47003 Desnethé-Missinippi-Churchill-River 5533 10036 3548 215 0 240
47004 Carlton-Trail-Eagle-Creek 2066 28192 5608 379 0 0
47005 Moose-Jaw-Lake-Centre-Lanigan 2526 24869 7975 438 0 0
47006 Prince-Albert 3653 22340 5214 364 0 0
47007 Regina-Lewvan 6310 21375 15763 560 0 0
47008 Regina-QuAppelle 3344 20400 6879 668 0 0
47009 Regina-Wascana 10390 19261 6975 622 0 0
47010 Saskatoon-Grasswood 6460 22760 13720 556 0 0
47011 Saskatoon-University 4608 20389 15042 405 0 0
47012 Saskatoon-West 2778 15379 13328 357 0 0
47013 Souris-Moose-Mountain 1636 30049 3107 0 0 0
47014 Yorkton-Melville 2187 23794 4239 614 0 0
48001 Banff-Airdrie 9572 43677 12482 1405 0 2569
48002 Battle-River-Crowfoot 2515 41819 5761 554 0 0
48003 Bow-River 3869 35676 4726 0 0 0
48004 Calgary-Centre 17593 30375 9694 971 0 0
48005 Calgary-Confederation 17560 28367 10561 2295 0 0
48006 Calgary-Forest-Lawn 9608 15434 6254 699 0 0
48007 Calgary-Heritage 8960 30870 9320 766 0 0
48008 Calgary-Midnapore 7947 39147 11826 868 0 0
48009 Calgary-Nose-Hill 10311 28001 8500 636 0 0
48010 Calgary-Rocky-Ridge 14693 36034 10748 1052 0 0
48011 Calgary-Shepard 10303 44411 12103 1300 0 228
48012 Calgary-Signal-Hill 11106 35217 8863 1094 0 0
48013 Calgary-Skyview 20092 17111 7690 432 0 184
48014 Edmonton-Centre 16560 15945 14171 0 0 0
48015 Edmonton-Griesbach 5979 15957 17457 538 0 0
48016 Edmonton-Manning 10468 20219 14999 0 0 0
48017 Edmonton-Mill-Woods 16499 18392 10553 0 0 0
48018 Edmonton-Riverbend 14169 25702 14154 761 0 0
48019 Edmonton-Strathcona 3948 13310 31690 634 0 0
48020 Edmonton-West 13016 25278 14190 0 0 0
48021 Edmonton-Wetaskiwin 12229 48340 18259 0 0 0
48022 Foothills 4441 44456 7117 802 0 0
48023 Fort-McMurray-Cold-Lake 3060 29242 4377 423 0 0
48024 Grande-Prairie-Mackenzie 2397 36361 6462 0 0 0
48025 Lakeland 2610 36557 5519 464 0 0
48026 Lethbridge 8928 32817 11386 0 0 1179
48027 Medicine-Hat-Cardston-Warner 3515 31648 6816 725 0 0
48028 Peace-River-Westlock 2431 29486 6019 364 0 0
48029 Red-Deer-Mountain-View 4084 40680 8826 0 0 298
48030 Red-Deer-Lacombe 3704 39805 8806 0 0 573
48031 St-Albert-Edmonton 11188 29652 17816 0 0 0
48032 Sherwood-Park-Fort-Saskatchewan 8730 41092 14740 700 0 283
48033 Sturgeon-River-Parkland 4579 40957 12532 0 0 0
48034 Yellowhead 2829 33603 5977 0 0 0
59001 Abbotsford 10907 21597 7729 1517 0 0
59002 Burnaby-North-Seymour 19445 12535 14318 1516 0 0
59003 Burnaby-South 12361 9104 16382 1175 0 296
59004 Cariboo-Prince-George 8397 25771 10323 1844 0 0
59005 Central-Okanagan-Similkameen-Nicola 13291 30563 13813 1755 0 0
59006 Chilliwack-Hope 8851 23987 13927 1391 0 0
59007 Cloverdale-Langley-City 20877 19223 10587 0 0 0
59008 Coquitlam-Port-Coquitlam 21454 16907 14982 0 0 0
59009 Courtenay-Alberni 9276 22181 30612 3590 0 0
59010 Cowichan-Malahat-Langford 10320 17870 26968 3922 0 0
59011 Delta 22105 17695 9591 1244 0 379
59012 Fleetwood-Port-Kells 21350 14553 8960 892 0 146
59013 Kamloops-Thompson-Cariboo 12717 30281 20431 2576 0 410
59014 Kelowna-Lake-Country 17767 30409 12204 2074 0 0
59015 Kootenay-Columbia 5879 28056 23986 2577 0 0
59016 Langley-Aldergrove 16565 28643 12288 1798 0 0
59017 Mission-Matsqui-Fraser-Canyon 10598 18908 8709 1887 0 0
59018 Nanaimo-Ladysmith 9314 18627 19826 17640 0 0
59019 New-Westminster-Burnaby 11685 9710 24054 2035 0 0
59020 North-Okanagan-Shuswap 13666 33626 13929 3967 0 0
59021 North-Vancouver 26756 16671 11750 2598 0 0
59022 Pitt-Meadows-Maple-Ridge 13179 19371 16869 0 0 453
59023 Port-Moody-Coquitlam 14231 16605 19367 0 0 0
59024 Prince-George-Peace-River-Northern-Rockies 4236 29882 6647 0 0 0
59025 Richmond-Centre 13440 12668 6196 1109 0 0
59026 Esquimalt-Saanich-Sooke 14466 13885 28056 5891 0 0
59027 Saanich-Gulf-Islands 12056 14775 11959 24648 0 0
59028 Skeena-Bulkley-Valley 2866 13513 15921 1406 0 0
59029 South-Okanagan-West-Kootenay 8159 23675 27595 2485 0 0
59030 South-Surrey-White-Rock 22166 24158 8395 0 0 0
59031 Steveston-Richmond-East 16543 13066 7525 860 0 0
59032 Surrey-Centre 16862 8094 10627 838 0 0
59033 Surrey-Newton 19721 5758 9536 0 0 628
59034 Vancouver-Centre 20873 11162 15869 2030 0 0
59035 Vancouver-East 9797 5399 27969 3826 0 0
59036 Vancouver-Granville 17050 13280 16619 1434 0 0
59037 North-Island-Powell-River 7922 21670 23833 3656 0 0
59038 Vancouver-Kingsway 11022 5456 20994 1575 0 0
59039 Vancouver-Quadra 20814 13786 9220 2922 0 0
59040 Vancouver-South 19910 9060 9922 0 0 0
59041 Victoria 18194 9152 29301 7472 0 0
59042 West-Vancouver-Sunshine-Coast-Sea-to-Sky-Country 21500 19062 16265 4108 0 127
60001 Yukon 6471 5096 4354 846 0 2639
61001 Northwest-Territories 5387 2031 4558 328 0 1791
62001 Nunavut 2578 1184 3427 0 0 0
