FEDUID Riding Lib Con NDP Green BQ Ind
10001 Avalon 18646 12538 7101 2172 0 0
10002 Bonavista--Bruin--Trinity 14701 12697 3855 920 0 0
10003 Coast-of-Bays--Central--Notre-Dame 15861 11695 4058 1310 0 0
10004 Labrador 4545 3449 2684 199 0 0
10005 Long-Range-Mountains 18182 10874 7594 1326 0 409
10006 St-Johns-East 14961 8187 21164 818 0 0
10007 St-Johns-South-Mount-Pearl 20094 7537 10703 717 0 137
11001 Cardigan 10687 6303 1468 3006 0 233
11002 Charlottetown 8509 3924 2193 4458 0 168
11003 Egmont 7513 6616 1182 3747 0 0
11004 Malpeque 9533 5899 1495 6103 0 0
12001 Cape-Breton-Canso 16097 14478 6258 3246 0 671
12002 Central-Nova 20718 13201 5896 3478 0 179
12003 Cumberland-Colchester 16672 16219 5451 6015 0 232
12004 Dartmouth-Cole-Harbour 23751 8480 14220 5197 0 0
12005 Halifax 23088 5214 16594 7762 0 226
12006 Halifax-West 26884 10488 10429 6555 0 0
12007 Kings-Hants 20807 11905 8243 6029 0 147
12008 Sackville-Preston-Chezzetcook 19920 11224 11857 5743 0 0
12009 South-Shore-St.-Margarets 21887 14744 8361 6070 0 379
12010 Sydney-Victoria 12536 11228 8150 2249 0 5679
12011 West-Nova 17034 18390 5020 5949 0 453
13001 Acadie-Bathurst 26519 10344 6963 4271 0 0
13002 Beauséjour 24957 9435 3937 14251 0 0
13003 Fredericton 12803 14589 2826 15380 0 277
13004 Fundy-Royal 12015 21727 4660 7060 0 291
13005 Madawaska-Restigouche 17331 9800 2314 5090 0 0
13006 Miramichi-Grand-Lake 12725 12311 2874 3915 0 1160
13007 Moncton-Riverview-Dieppe 22261 12190 6164 9371 0 414
13008 New-Brunswick-Southwest 10110 19457 3251 5352 0 204
13009 Saint-John-Rothesay 15448 14006 5046 4153 0 1191
13010 Tobique-Mactaquac 9631 19229 3007 5343 0 0
24001 Abitibi-Baie-James-Nunavik-Eeyou 8311 4895 3480 1035 11085 312
24002 Abitibi-Temiscamingue 12209 7514 4943 1766 22591 0
24003 Ahuntsic-Cartierville 28560 3974 6148 3256 11635 0
24004 Alfred-Pellan 25810 5891 4141 1898 15459 176
24005 Argenteuil-La-Petite-Nation 18759 6001 3704 2358 18087 0
24006 Avignon-La-Mitis-Matane-Matapedia 11983 2686 1393 668 18265 178
24007 Beauce 6895 22817 1799 1415 8355 1072
24008 Beauport-Limoilou 12871 12883 5524 2084 15067 77
24009 Bécancour-Nicolet-Saurel 9274 8401 2692 1657 29543 0
24010 Bellechasse-Les-Etchemins-Lévis 10556 32192 3440 1841 14715 262
24011 Beloeil-Chambly 15904 4252 9964 3188 34902 204
24012 Berthier-Maskinongé 7809 5800 19500 965 21007 161
24013 Thérèse-De-Blainville 21673 5171 4502 2717 24364 213
24014 Pierre-Boucher-Les-Patriotes-Verchères 17165 4866 4111 2889 31503 0
24015 Bourassa 22980 2874 3143 1295 8987 212
24016 Brome-Missisquoi 23410 7679 4800 3218 21044 307
24017 Brossard-Saint-Lambert 30208 6042 5286 2816 11052 0
24018 Rimouski-Neigette-Témiscouata-Les-Basques 9987 4059 12916 789 17221 176
24019 Charlesbourg-Haute-Saint-Charles 12450 22282 4471 1986 15976 0
24020 Beauport-Côte-de-Beaupré-Île-dOrléans-Charlevoix 10526 14947 2798 1328 18325 1333
24021 Châteauguay-Lacolle 20397 5911 3960 1908 19463 397
24022 Chicoutimi-Le-Fjord 7408 15862 2757 1357 15248 290
24023 Compton-Stanstead 21550 8406 5521 2977 18507 250
24024 Dorval-Lachine-LaSalle 27477 5476 6061 2842 8790 457
24025 Drummond 9495 9082 8632 1827 24237 265
24026 Gaspésie-Les-Îles-de-la-Madeleine 16296 3022 1722 1130 15659 353
24027 Gatineau 28827 5664 6004 2196 11858 75
24028 Hochelaga 17779 2343 11169 2523 17460 301
24029 Honoré-Mercier 29336 4781 4058 1349 9908 71
24030 Hull-Aylmer 28466 4781 7134 3603 7931 196
24031 Joliette 12718 5154 2567 2289 33492 472
24032 Jonquière 7819 10199 11935 972 17422 0
24033 La-Pointe-de-lÎle 16703 3946 5929 1825 25832 195
24034 La-Prairie 22642 5491 4845 2523 25612 101
24035 Lac-Saint-Jean 13621 12508 2656 998 23746 0
24036 Lac-Saint-Louis 33845 8498 7104 4073 3151 373
24037 LaSalle-Émard-Verdun 22504 3664 8423 3452 12537 272
24038 Laurentides-Labelle 21514 4972 4041 3105 30525 265
24039 Laurier-Sainte-Marie 21551 1470 12994 3072 11996 203
24040 Laval-Les-Îles 24927 8621 4667 2223 10820 0
24041 Longueuil-Charles-LeMoyne 19367 3663 5033 2811 18111 0
24042 Lévis-Lotbinière 10666 28218 4299 1861 15873 0
24043 Longueuil-Saint-Hubert 20271 3727 4997 6603 22937 241
24044 Louis-Hébert 24910 10830 4793 2407 17262 264
24045 Louis-Saint-Laurent 13509 28735 4281 2123 14557 0
24046 Manicouagan 7666 7718 1434 1250 21553 0
24047 Mégantic-LÉrable 7201 23046 1910 1210 11977 250
24048 Mirabel 16007 5888 5134 3449 33039 462
24049 Montarville 20877 4108 4803 2886 25249 208
24050 Montcalm 11113 4923 3466 2391 31699 417
24051 Montmagny-LIslet-Kamouraska-Rivière-du-Loup 8133 20934 3397 1001 16121 0
24052 Mount-Royal 24137 10723 3485 2271 1729 90
24053 Notre-Dame-de-Grâce-Westmount 27217 5536 7456 5125 2309 99
24054 Outremont 18419 2158 7808 4743 5562 151
24055 Papineau 24797 2095 9135 3673 7722 0
24056 Pierrefonds-Dollard 31461 9951 5611 2849 4535 396
24057 Pontiac 29759 10298 6364 3631 9851 197
24058 Portneuf-Jacques-Cartier 12642 27524 3657 2456 15440 0
24059 Québec 18047 8175 6210 2949 17832 349
24060 Repentigny 17976 4851 4361 2240 34644 347
24061 Richmond-Arthabaska 8878 26576 2813 3073 16475 0
24062 Rivière-des-Mille-Îles 20773 4668 4933 3043 23521 0
24063 Rivière-du-Nord 12954 6891 4077 3293 30620 221
24064 Rosemont-La-Petite-Patrie 14245 1388 24951 3485 14158 342
24065 Marc-Aurèle-Fortin 24652 5390 4618 2060 17989 148
24066 Saint-Hyacinthe-Bagot 11828 8024 10212 2000 22995 0
24067 Saint-Jean 18767 6466 4711 3056 27677 286
24068 Saint-Laurent 23272 6914 3976 2102 2820 71
24069 Saint-Léonard-Saint-Michel 27553 5353 2896 1148 4324 3126
24070 Saint-Maurice-Champlain 22961 9497 3016 1763 19856 0
24071 Salaberry-Suroît 18546 6073 4966 1970 29904 348
24072 Shefford 22472 7470 3631 2757 23438 291
24073 Sherbrooke 17551 6376 16197 2721 15465 482
24074 Vaudreuil-Soulanges 31971 7712 7263 3373 16550 0
24075 Terrebonne 17637 4593 4524 2222 30785 252
24076 Trois-Rivières 15676 15192 9984 1462 17178 144
24077 Ville-Marie-Le-Sud-Ouest-Île-des-Soeurs 26644 4565 7699 3498 6678 165
24078 Vimy 26181 5962 4759 2067 15402 0
35001 Ajax 34344 16219 6811 2016 0 187
35002 Algoma–Manitoulin–Kapuskasing 9760 10557 16740 2145 0 124
35003 Aurora–Oak-Ridges–Richmond-Hill 22014 23333 3684 2090 0 517
35004 Barrie–Innisfil 15655 23573 8742 4630 0 0
35005 Barrie–Springwater–Oro-Medonte 16601 20857 7868 6968 0 0
35006 Bay-of-Quinte 24351 22886 9770 3744 0 0
35007 Beaches–East-York 32168 7957 11964 3295 0 0
35008 Brampton-Centre 18543 10605 7693 1655 0 105
35009 Brampton-East 23727 12045 13077 679 0 211
35010 Brampton-North 25697 13895 8382 1479 0 0
35011 Brampton-South 23836 13753 7828 1898 0 285
35012 Brampton-West 28433 12659 9695 1240 0 315
35013 Brantford–Brant 20250 26723 12972 4165 0 392
35014 Bruce–Grey–Owen-Sound 17247 26584 6666 5007 0 316
35015 Burlington 34217 23467 7622 4606 0 0
35016 Cambridge 22636 17316 10972 4279 0 162
35017 Chatham-Kent–Leamington 16751 25289 8125 2205 0 306
35018 Davenport 22813 5014 21341 2341 0 137
35019 Don-Valley-East 24908 10036 4591 1643 0 0
35020 Don-Valley-North 22998 16307 4158 1767 0 0
35021 Don-Valley-West 28426 15981 3758 2140 0 273
35022 Dufferin–Caledon 22330 28729 7822 7252 0 318
35023 Durham 23299 30627 13144 3881 0 0
35024 Eglinton–Lawrence 29384 17909 4654 2581 0 0
35025 Elgin–Middlesex–London 14166 30880 10909 3522 0 618
35026 Essex 12840 28126 23350 2139 0 0
35027 Etobicoke-Centre 32347 21610 4739 2745 0 286
35028 Etobicoke–Lakeshore 35522 19811 8141 4046 0 162
35029 Etobicoke-North 26147 9415 4733 1103 0 104
35030 Flamborough–Glanbrook 23702 24352 10152 3756 0 0
35031 Glengarry–Prescott–Russell 29991 22849 6619 2017 0 268
35032 Guelph 29890 14348 9059 18808 0 492
35033 Haldimand–Norfolk 14285 27298 8995 4780 0 1059
35034 Haliburton–Kawartha-Lakes–Brock 16839 31986 9532 5413 0 0
35035 Hamilton-Centre 12474 6294 20080 3314 0 181
35036 Hamilton-East–Stoney-Creek 19899 13007 14814 2859 0 0
35037 Hamilton-Mountain 15825 13330 18872 3059 0 330
35038 Hamilton-West–Ancaster–Dundas 29740 17219 11356 4775 0 159
35039 Hastings–Lennox-and-Addington 18991 21225 6840 2991 0 0
35040 Huron–Bruce 20333 29743 7389 2701 0 0
35041 Kanata–Carleton 27802 23699 8001 4182 0 0
35042 Kenora 8188 9313 7781 1475 0 165
35043 King–Vaughan 28365 27454 4195 2460 0 0
35044 Kingston-and-the-Islands 30688 12808 15592 5867 0 0
35045 Kitchener-Centre 20014 13111 6093 14215 0 199
35046 Kitchener–Conestoga 20106 19833 5152 4889 0 0
35047 Kitchener-South–Hespeler 21051 17517 6900 5666 0 92
35048 Lambton–Kent–Middlesex 14638 28489 9213 3406 0 324
35049 Lanark–Frontenac–Kingston 14926 29405 8678 6770 0 0
35050 Leeds-Grenville-Thousand-Islands-and-Rideau-Lakes 15266 28435 8071 5049 0 0
35051 London–Fanshawe 14679 13636 22450 2750 0 297
35052 London-North-Centre 25496 14291 13924 4509 0 125
35053 London-West 30054 19718 15010 3767 0 524
35054 Markham–Stouffville 24743 19570 4013 1581 0 13216
35055 Markham–Thornhill 23826 15401 3248 1218 0 281
35056 Markham–Unionville 20019 25871 3393 2318 0 0
35057 Milton 29878 21236 3722 2392 0 0
35058 Mississauga-Centre 29472 15758 5025 1617 0 251
35059 Mississauga-East–Cooksville 27058 17237 4452 1530 0 178
35060 Mississauga–Erin-Mills 30894 19105 5149 2156 0 0
35061 Mississauga–Lakeshore 28994 22573 4979 2756 0 96
35062 Mississauga–Malton 27501 12448 5953 1218 0 320
35063 Mississauga–Streetsville 29058 19227 5955 2695 0 243
35064 Nepean 31098 22849 8852 4347 0 326
35065 Newmarket–Aurora 25957 23079 6418 3437 0 898
35066 Niagara-Centre 20109 17895 15358 2999 0 306
35067 Niagara-Falls 22079 24266 12264 3296 0 4913
35068 Niagara-West 16986 23973 6388 3495 0 93
35069 Nickel-Belt 18918 10281 15564 2611 0 0
35070 Nipissing–Timiskaming 18101 12332 9411 2926 0 0
35071 Northumberland–Peterborough-South 24706 27218 9482 5417 0 0
35072 Oakville 28668 24046 4807 3459 0 137
35073 Oakville-North–Burlington 32952 26229 5691 2844 0 0
35074 Oshawa 15592 23989 17531 3117 0 109
35075 Ottawa-Centre 36612 9519 22049 5498 0 342
35076 Orléans 43533 22697 9277 3727 0 0
35077 Ottawa-South 33433 15707 10130 3454 0 149
35078 Ottawa–Vanier 31487 10766 13034 4522 0 367
35079 Ottawa-West–Nepean 27599 16491 11401 3823 0 350
35080 Oxford 11621 29209 12188 4699 0 983
35081 Parkdale–High-Park 28408 7960 18777 3898 0 120
35082 Parry-Sound–Muskoka 16418 22676 6336 8274 0 376
35083 Perth–Wellington 14827 25504 8081 4882 0 733
35084 Peterborough–Kawartha 26979 24096 11698 4857 0 176
35085 Pickering–Uxbridge 32019 18320 7462 3711 0 0
35086 Renfrew–Nipissing–Pembroke 11326 30287 8587 3108 0 1111
35087 Richmond-Hill 21804 21692 4425 1695 0 126
35088 Carleton 31637 25934 6289 3302 0 0
35089 St.-Catharines 23817 18850 12252 3637 0 0
35090 Toronto–St.-Pauls 28646 11380 8238 3460 0 0
35091 Sarnia–Lambton 11824 28340 12372 2440 0 541
35092 Sault-Ste.-Marie 16084 13352 9317 1781 0 0
35093 Scarborough–Agincourt 20778 15376 3550 1028 0 0
35094 Scarborough-Centre 25424 10320 5329 2518 0 2518
35095 Scarborough–Guildwood 25797 9501 4687 1198 0 112
35096 Scarborough-North 20605 11746 4917 776 0 82
35097 Scarborough–Rouge-Park 31339 10088 5735 2324 0 353
35098 Scarborough-Southwest 28640 10421 7800 2428 0 233
35099 Simcoe–Grey 23372 32444 8320 8432 0 281
35100 Simcoe-North 19140 27112 8749 5820 0 337
35101 Spadina–Fort-York 33060 10485 12227 3067 0 148
35102 Stormont–Dundas–South-Glengarry 13585 28848 7567 2080 0 0
35103 Sudbury 19484 9772 13766 3183 0 285
35104 Thornhill 18872 29082 3603 1567 0 217
35105 Thunder-Bay–Rainy-River 14336 11984 11708 1783 0 0
35106 Thunder-Bay–Superior-North 17982 10861 8969 3505 0 136
35107 Timmins–James-Bay 9457 9784 14357 1226 0 0
35108 Toronto-Centre 30580 6470 11886 3726 0 197
35109 Toronto–Danforth 27144 6035 18896 3676 0 260
35110 University–Rosedale 28088 9008 11996 4585 0 152
35111 Vaughan–Woodbridge 25654 18215 3845 1286 0 164
35112 Waterloo 30606 15479 9525 6087 0 0
35113 Wellington–Halton-Hills 19455 32801 6346 8657 0 0
35114 Whitby 29713 24307 9547 3649 0 0
35115 Willowdale 21912 16150 4128 1628 0 198
35116 Windsor-Tecumseh 18896 15758 18254 2140 0 186
35117 Windsor-West 18697 9822 20692 1307 0 76
35118 York-Centre 21433 15606 4172 1377 0 0
35119 York–Simcoe 14252 24796 7481 4615 0 1292
35120 York-South–Weston 25638 8369 8427 1593 0 0
35121 Humber-River–Black-Creek 22983 6142 7126 787 0 114
46001 Brandon-Souris 4924 25729 5694 2933 0 275
46002 Charleswood–St.-James–Assiniboia–Headingley 16133 18530 6484 2114 0 161
46003 Churchill–Keewatinook-Aski 3855 4289 10146 975 0 0
46004 Dauphin–Swan-River–Neepawa 5103 24942 5404 2090 0 447
46005 Elmwood–Transcona 5282 16426 19841 1477 0 0
46006 Kildonan–St.-Paul 12187 19690 9187 1738 0 298
46007 Portage–Lisgar 4721 31403 3783 2307 0 856
46008 Provencher 6254 31588 6093 2930 0 0
46009 Saint-Boniface–Saint-Vital 19934 15287 7932 2647 0 297
46010 Selkirk–Interlake–Eastman 5895 30779 8743 2890 0 0
46011 Winnipeg-Centre 10638 7034 12325 597 0 254
46012 Winnipeg-North 14867 6652 14867 887 0 268
46013 Winnipeg-South 19887 18309 6573 2023 0 0
46014 Winnipeg-South-Centre 22106 14565 8601 3042 0 98
47001 Battlefords–Lloydminster 2265 28137 3998 594 0 0
47002 Cypress-Hills–Grasslands 1575 30898 3601 696 0 216
47003 Desnethé–Missinippi–Churchill-River 6899 10816 7504 500 0 0
47004 Carlton-Trail–Eagle-Creek 2015 34814 5384 857 0 355
47005 Moose-Jaw–Lake-Centre–Lanigan 2383 30801 7394 1130 0 0
47006 Prince-Albert 3977 26671 6815 807 0 173
47007 Regina–Lewvan 6625 26837 14454 2035 0 198
47008 Regina–QuAppelle 4315 24223 7517 1227 0 108
47009 Regina–Wascana 14998 22186 5722 1290 0 128
47010 Saskatoon–Grasswood 8206 26013 12310 1263 0 0
47011 Saskatoon–University 6026 24248 13787 1353 0 300
47012 Saskatoon-West 2763 18406 15270 988 0 0
47013 Souris–Moose-Mountain 1658 33932 3096 653 0 0
47014 Yorkton–Melville 2366 28972 4578 1032 0 0
48001 Banff–Airdrie 8216 54580 7960 3230 0 0
48002 Battle-River–Crowfoot 2485 52497 3089 1750 0 0
48003 Bow-River 3104 45691 3010 805 0 445
48004 Calgary-Centre 17199 36360 6290 2723 0 238
48005 Calgary-Confederation 14462 35648 7113 5488 0 401
48006 Calgary-Forest-Lawn 8537 23585 4133 1282 0 385
48007 Calgary-Heritage 7671 39098 5038 1917 0 221
48008 Calgary-Midnapore 7320 49700 6193 1942 0 0
48009 Calgary-Nose-Hill 8606 37950 5107 1478 0 67
48010 Calgary-Rocky-Ridge 12694 47477 5869 1927 0 265
48011 Calgary-Shepard 8461 57793 6639 2273 0 0
48012 Calgary-Signal-Hill 9370 45535 5121 2044 0 505
48013 Calgary-Skyview 14134 26193 7414 781 0 508
48014 Edmonton-Centre 17000 21586 10659 1332 0 201
48015 Edmonton-Griesbach 7805 23551 11499 1205 0 322
48016 Edmonton-Manning 10903 28837 8924 1123 0 257
48017 Edmonton-Mill-Woods 17611 26425 6284 944 0 211
48018 Edmonton-Riverbend 13591 34491 9013 1722 0 0
48019 Edmonton-Strathcona 6362 20634 26189 1076 0 124
48020 Edmonton-West 11555 35181 8365 1383 0 0
48021 Edmonton–Wetaskiwin 10300 61709 9623 1641 0 211
48022 Foothills 3765 52907 3641 2309 0 0
48023 Fort-McMurray–Cold-Lake 4708 39765 2767 857 0 0
48024 Grande-Prairie–Mackenzie 2769 49204 4003 1105 0 0
48025 Lakeland 2492 47551 3634 1069 0 242
48026 Lethbridge 8642 41580 9419 1999 0 674
48027 Medicine-Hat–Cardston–Warner 3467 41498 4530 1165 0 333
48028 Peace-River–Westlock 3805 41159 3805 1350 0 0
48029 Red-Deer–Mountain-View 3724 54111 4836 1997 0 0
48030 Red-Deer–Lacombe 3437 52684 5888 1533 0 0
48031 St.-Albert–Edmonton 12224 38807 9655 1548 0 342
48032 Sherwood-Park–Fort-Saskatchewan 6832 50561 8324 1501 0 278
48033 Sturgeon-River–Parkland 4590 52163 6794 1686 0 421
48034 Yellowhead 2842 45206 3781 1235 0 215
59001 Abbotsford 10460 25028 8164 2655 0 266
59002 Burnaby-North–Seymour 17404 9572 15844 4630 0 266
59003 Burnaby-South 10634 13887 16753 2481 0 243
59004 Cariboo–Prince-George 10265 26738 7927 4683 0 4328
59005 Central-Okanagan–Similkameen–Nicola 15843 30364 10772 4910 0 209
59006 Chilliwack–Hope 10735 26477 8868 5168 0 209
59007 Cloverdale–Langley-City 19470 20772 10389 3502 0 0
59008 Coquitlam–Port-Coquitlam 19614 19275 13073 3889 0 96
59009 Courtenay–Alberni 8513 23516 29407 9569 0 168
59010 Cowichan–Malahat–Langford 10125 16456 23095 12880 0 196
59011 Delta 21969 17638 8654 3310 0 397
59012 Fleetwood–Port-Kells 18149 16347 10293 2324 0 0
59013 Kamloops–Thompson–Cariboo 19543 32057 9824 8696 0 317
59014 Kelowna–Lake-Country 22150 31037 8229 5025 0 151
59015 Kootenay–Columbia 6033 29893 22707 5998 0 336
59016 Langley–Aldergrove 15700 28953 10418 4704 0 489
59017 Mission–Matsqui–Fraser-Canyon 12022 19271 8004 4999 0 74
59018 Nanaimo–Ladysmith 9649 18447 16857 24537 0 235
59019 New-Westminster–Burnaby 12240 11278 23022 4280 0 304
59020 North-Okanagan–Shuswap 16626 35753 11198 7697 0 0
59021 North-Vancouver 26402 16775 10116 7676 0 0
59022 Pitt-Meadows–Maple-Ridge 15957 19501 12802 4259 0 462
59023 Port-Moody–Coquitlam 15409 16588 16255 3812 0 56
59024 Prince-George–Peace-River–Northern-Rockies 6304 38157 5013 3395 0 193
59025 Richmond-Centre 10824 18791 5482 2318 0 0
59026 Esquimalt–Saanich–Sooke 12342 13054 23516 18135 0 284
59027 Saanich–Gulf-Islands 11116 13507 8446 32326 0 0
59028 Skeena–Bulkley-Valley 4704 13637 16670 3193 0 1343
59029 South-Okanagan–West-Kootenay 11481 23508 24304 5520 0 360
59030 South-Surrey–White-Rock 21319 24044 6558 4361 0 0
59031 Steveston–Richmond-East 14397 17193 6167 2852 0 475
59032 Surrey-Centre 15266 10413 11166 2505 0 376
59033 Surrey–Newton 18328 8511 11854 1296 0 0
59034 Vancouver-Centre 22317 10244 12582 6577 0 365
59035 Vancouver-East 9804 6601 28473 7811 0 622
59036 Vancouver-Granville 13637 11326 6730 2554 0 16537
59037 North-Island–Powell-River 8151 20131 23481 8899 0 350
59038 Vancouver-Kingsway 10012 8698 21150 2592 0 288
59039 Vancouver-Quadra 21398 13814 7461 6054 0 160
59040 Vancouver-South 17442 14222 7841 2375 0 0
59041 Victoria 15686 8833 23290 20846 0 217
59042 West-Vancouver–Sunshine-Coast–Sea-to-Sky-Country 22135 17106 8796 14143 0 206
60001 Yukon 6849 6777 4475 2109 0 0
61001 Northwest-Territories 6638 4279 3619 1757 0 0
62001 Nunavut 2798 2327 3717 189 0 0
